Address:   172.31.0.0            10101100.00011111 .00000000.00000000
Netmask:   255.255.0.0 = 16      11111111.11111111 .00000000.00000000
Wildcard:  0.0.255.255           00000000.00000000 .11111111.11111111
=>
Network:   172.31.0.0/16         10101100.00011111 .00000000.00000000 (Class B)
Broadcast: 172.31.255.255        10101100.00011111 .11111111.11111111
HostMin:   172.31.0.1            10101100.00011111 .00000000.00000001
HostMax:   172.31.255.254        10101100.00011111 .11111111.11111110
Hosts/Net: 65534                 (Private Internet)


Subnets

Netmask:   255.255.128.0 = 17    11111111.11111111.1 0000000.00000000
Wildcard:  0.0.127.255           00000000.00000000.0 1111111.11111111

Network:   172.31.0.0/17         10101100.00011111.0 0000000.00000000 (Class B)
Broadcast: 172.31.127.255        10101100.00011111.0 1111111.11111111
HostMin:   172.31.0.1            10101100.00011111.0 0000000.00000001
HostMax:   172.31.127.254        10101100.00011111.0 1111111.11111110
Hosts/Net: 32766                 (Private Internet)


Network:   172.31.128.0/17       10101100.00011111.1 0000000.00000000 (Class B)
Broadcast: 172.31.255.255        10101100.00011111.1 1111111.11111111
HostMin:   172.31.128.1          10101100.00011111.1 0000000.00000001
HostMax:   172.31.255.254        10101100.00011111.1 1111111.11111110
Hosts/Net: 32766                 (Private Internet)



Subnets:   2
Hosts:     65532
